2318388077
1299148998
1570404764
966810543
657923141
1771330104
2252034417
1451491758
1921302477
1420241110
5345655469
1944723526
1337287120
3252060533
4915797032
249589447
1247199113
685641722
4233066826
44787780279
293509044
269826083
1815017040
2205728483
1649590498
23419777
5347157247
364522570
1407300632
2247231238
604805675
1326846442
1924899603
38176558
2714688836
3322548438
42210341730
6780043098
366992731
3089433236
1486653630
7127068953
635031698
1062670797
2186942247
1477772019
4484396449
3561490705
2282006314
1466732027
1592804762
1712408623
6773412642
1315567878
49815325033
1268591127
1494188043
1465796908
1500553771
31556588275
47246772269
5555662961
504164075
1752215700
296536958
3288490491
1147075568
1971511651
48760053845
298373794
2358958394
18511639920
3087579541
1205391484
2127112805
2126881573
1438091285
772435151
2031005094
4963172598
1165434374
595957359
2067783816
1246567099
54764074
1803556705
1389097796
1534310761
49047358171
706413846
2298870486
609996445
2951655918
1649335612
47812878274
1650914134
4632144324
1415942717
1557450531
492862205
1465676094
289049655
1736397380
6133484424
1725332061
47799179093
3510665818
3074650269
36154307920
20749733
1016819156
1545432061
493803127
3055027487
462344938
49691280849
6205313531
4091445840
4627554165
1722292817
9225678340
271236276
1423893648
1564152665
18620814740
48991672434
2273015446
376746791
5476672749
1086413899
353772828
2944798563
3138462220
1710075255
373656846
5866151108
431163170
1471412096
4700774812
2106596216
2293850926
1418724751
1466853736
48127823196
1509852668
1427927692
6228916021
503406222
46135573402
728189221
192703895
5203857042
1488012562
4333898089
19073667586
359392787
41321222190
2082028905
1130678480
23288064017
1561444663
1742258267
5311652511
5920794107
2195015191
3431997738
46415104267
2914267642
766226662
3099715926
289499304
46806603197
6910759135
1660321172
3589535908
1330784665
51725560145
4509532595
1951799708
2137407256
303459993
44951438296
1505094781
1996536325
2871173518
3033589384
3144689822
419500736
1451150212
1550978440
2274320294
2581099650
26855461
2287459316
2257920885
438501706
255573991
1593937740
2129239198
3548414399
1183708422
3262843204
45026139158
1986123752
499022480
3063085690
4103142664
1445414441
7543291683
215528858
4007772101
6341458654
3653943730
1706579261
779301618
4030298737
405659688
7062238198
2141995703
1785662217
674182562
352082437
3268472908
2820826333
1048118745
256014320
2437674150
430829950
7578518802
2921921904
708591922
2943926237
733104286
4877686949
210797783
1920204920
1426155501
434926023
1642951675
342680645
250938521
606263441
1784554821
1171532522
532901204
2322031564
615355356
1492335962
323386903
8882076773
216401271
1476169204
4631364199
2081679255
2533973910
4283696404
1791815085
2054090008
6116047644
1560274941
439757030
1766144873
13228498595
2237390694
1145305368
2871261130
549066395
341912190
1975817808
1182988231
1455032514
1271878504
1575656488
1513300370
1443729583
2019049696
1444650119
784417651
2271337385
448924495
44118843
1248182925
315035636
462339935
2015310467
1743161796
52758953993
11284596631
517222964
1340211909
5604800866
241133878
2104375250
1470323567
6818207386
2066891458
683097880
2462040245
1798710229
1907811997
1353028199
44373891862
1784667613
4556995072
1553325958
1226848830
1495981427
1468464509
499072195
3194949608
1336274650
3894899310
4513670494
521085970
1900633456
1735387022
8238922362
259499809
3677070117
1516249916
1470697804
1076483354
1547693510
19602287033
1537959705
4575181892
1997054892
8075045196
616823096
1614703307
1583140777
377796145
4488897429
1058453717
1682786839
1358976446
5877757037
1037039620
1748050453
648249271
2252025969
1525434576
1276089001
33464033450
655256166
439754579
2154779915
461064840
8154622
1609633183
839394512
5316692625
1088672948
1462444628
3524933292
425992889
2022998346
392805566
1177963090
3400705563
1690446051
1424053995
2586513610
472831145
353279
633828507
4632476239
2059267387
1229574188
6558419752
1627663533
693947917
2989327100
1816090765
50622669
1581452943
394817823
1015438664
2256747912
145700924
1463506914
1582949287
1480272396
1323849849
293390362
382222184
1420693130
4132855212
1243675606
1527864933
4671547788
1489657241
1623264169
4454164782
1553251625
701286480
7643840750
823067012
1560342792
50648509415
955125853
1452033009
5225144
48536022390
45795616
5958079795
508869910
47059390056
1552347414
1833425567
3308549111
2173273552
3222985269
551846642
1438311229
320519981
1690902927
392092060
1268592859
1829097298
549456558
988612927
2047616249
1511194948
5471212079
484681774
1564453648
5755795362
1108767212
1334543918
10199754656
7893615410
7381578393
451727885
1156976058
3545762885
10337297140
504927389
3191023823
43877188567
3279749147
2321570636
1423147847
6425491942
1423430414
4314022641
1188592289
544151142
1652450722
879014613
1533366323
2178589606
14704784
1421081480
204530509
1956443246
23823136
1000045379
298680858
5871396766
4226819337
1503836347
39859387053
1485862225
1023856541
1583284861
233884417
794729037
1325771795
683376357
1276082124
3072050031
4338935761
1261224436
2097652665
311585585
1429850751
44372079310
187919102
4016085964
5447121929
787016208
19229182
820073150
1476939882
551885453
198946253
4236372220
6886056125
1392599832
2264007889
1036959408
1929404702
3186486927
693869465
1434791077
3147335293
1598701983
1689104165
1923446770
